1.683000000000000000e+03
1.670000000000000000e+03
1.653000000000000000e+03
1.693000000000000000e+03
1.740000000000000000e+03
1.709000000000000000e+03
1.694000000000000000e+03
1.664000000000000000e+03
1.654000000000000000e+03
1.654000000000000000e+03
1.647000000000000000e+03
1.575000000000000000e+03
1.693000000000000000e+03
1.626000000000000000e+03
1.687000000000000000e+03
1.614000000000000000e+03
1.609000000000000000e+03
1.645000000000000000e+03
1.691000000000000000e+03
1.633000000000000000e+03
1.650000000000000000e+03
1.606000000000000000e+03
1.603000000000000000e+03
1.647000000000000000e+03
1.566000000000000000e+03
1.550000000000000000e+03
1.604000000000000000e+03
1.744000000000000000e+03
1.631000000000000000e+03
1.691000000000000000e+03
1.665000000000000000e+03
1.709000000000000000e+03
1.721000000000000000e+03
1.718000000000000000e+03
1.652000000000000000e+03
1.726000000000000000e+03
1.639000000000000000e+03
1.640000000000000000e+03
1.637000000000000000e+03
1.714000000000000000e+03
1.686000000000000000e+03
1.637000000000000000e+03
1.686000000000000000e+03
1.693000000000000000e+03
1.742000000000000000e+03
1.770000000000000000e+03
1.731000000000000000e+03
1.731000000000000000e+03
1.731000000000000000e+03
1.639000000000000000e+03
1.682000000000000000e+03
1.699000000000000000e+03
1.705000000000000000e+03
1.705000000000000000e+03
1.705000000000000000e+03
1.705000000000000000e+03
1.706000000000000000e+03
1.689000000000000000e+03
1.627000000000000000e+03
1.643000000000000000e+03
1.704000000000000000e+03
1.694000000000000000e+03
1.619000000000000000e+03
1.715000000000000000e+03
1.632000000000000000e+03
1.632000000000000000e+03
1.632000000000000000e+03
1.642000000000000000e+03
1.642000000000000000e+03
1.659000000000000000e+03
1.642000000000000000e+03
1.642000000000000000e+03
1.642000000000000000e+03
1.587000000000000000e+03
1.587000000000000000e+03
1.587000000000000000e+03
1.606000000000000000e+03
1.661000000000000000e+03
1.737000000000000000e+03
1.776000000000000000e+03
1.759000000000000000e+03
1.759000000000000000e+03
1.636000000000000000e+03
1.661000000000000000e+03
1.661000000000000000e+03
1.661000000000000000e+03
1.661000000000000000e+03
1.661000000000000000e+03
1.661000000000000000e+03
1.661000000000000000e+03
1.661000000000000000e+03
1.645000000000000000e+03
1.658000000000000000e+03
1.658000000000000000e+03
1.720000000000000000e+03
1.737000000000000000e+03
1.685000000000000000e+03
1.685000000000000000e+03
1.695000000000000000e+03
1.750000000000000000e+03
1.734000000000000000e+03
1.652000000000000000e+03
1.652000000000000000e+03
1.652000000000000000e+03
1.652000000000000000e+03
1.652000000000000000e+03
1.685000000000000000e+03
1.685000000000000000e+03
1.646000000000000000e+03
1.646000000000000000e+03
1.628000000000000000e+03
1.618000000000000000e+03
1.772000000000000000e+03
1.811000000000000000e+03
1.827000000000000000e+03
1.827000000000000000e+03
1.827000000000000000e+03
1.827000000000000000e+03
1.837000000000000000e+03
1.837000000000000000e+03
1.707000000000000000e+03
1.707000000000000000e+03
1.707000000000000000e+03
1.695000000000000000e+03
1.695000000000000000e+03
1.695000000000000000e+03
1.695000000000000000e+03
1.678000000000000000e+03
1.678000000000000000e+03
1.678000000000000000e+03
1.760000000000000000e+03
1.760000000000000000e+03
1.760000000000000000e+03
1.772000000000000000e+03
1.772000000000000000e+03
1.772000000000000000e+03
1.772000000000000000e+03
1.772000000000000000e+03
1.772000000000000000e+03
1.726000000000000000e+03
1.712000000000000000e+03
1.811000000000000000e+03
1.712000000000000000e+03
1.712000000000000000e+03
1.682000000000000000e+03
1.682000000000000000e+03
1.682000000000000000e+03
1.648000000000000000e+03
1.648000000000000000e+03
1.593000000000000000e+03
1.593000000000000000e+03
1.593000000000000000e+03
1.593000000000000000e+03
1.593000000000000000e+03
1.633000000000000000e+03
1.648000000000000000e+03
1.648000000000000000e+03
1.664000000000000000e+03
1.606000000000000000e+03
1.648000000000000000e+03
1.648000000000000000e+03
1.689000000000000000e+03
1.689000000000000000e+03
1.622000000000000000e+03
1.677000000000000000e+03
1.690000000000000000e+03
1.690000000000000000e+03
1.690000000000000000e+03
1.677000000000000000e+03
1.698000000000000000e+03
1.698000000000000000e+03
1.690000000000000000e+03
1.678000000000000000e+03
1.690000000000000000e+03
1.706000000000000000e+03
1.715000000000000000e+03
1.689000000000000000e+03
1.673000000000000000e+03
1.689000000000000000e+03
1.715000000000000000e+03
1.715000000000000000e+03
1.715000000000000000e+03
1.715000000000000000e+03
1.781000000000000000e+03
1.781000000000000000e+03
1.781000000000000000e+03
1.687000000000000000e+03
1.687000000000000000e+03
1.687000000000000000e+03
1.687000000000000000e+03
1.687000000000000000e+03
1.687000000000000000e+03
1.713000000000000000e+03
1.730000000000000000e+03
1.716000000000000000e+03
1.716000000000000000e+03
1.690000000000000000e+03
1.690000000000000000e+03
1.716000000000000000e+03
1.716000000000000000e+03
1.713000000000000000e+03
1.716000000000000000e+03
1.716000000000000000e+03
1.713000000000000000e+03
1.780000000000000000e+03
1.732000000000000000e+03
1.732000000000000000e+03
1.732000000000000000e+03
1.732000000000000000e+03
1.732000000000000000e+03
1.732000000000000000e+03
1.729000000000000000e+03
1.729000000000000000e+03
1.732000000000000000e+03
1.716000000000000000e+03
1.742000000000000000e+03
1.716000000000000000e+03
1.702000000000000000e+03
1.727000000000000000e+03
1.740000000000000000e+03
1.727000000000000000e+03
1.727000000000000000e+03
1.727000000000000000e+03
1.701000000000000000e+03
1.646000000000000000e+03
1.646000000000000000e+03
1.711000000000000000e+03
1.711000000000000000e+03
1.711000000000000000e+03
1.711000000000000000e+03
1.679000000000000000e+03
1.679000000000000000e+03
1.679000000000000000e+03
1.679000000000000000e+03
1.711000000000000000e+03
1.711000000000000000e+03
1.624000000000000000e+03
1.701000000000000000e+03
1.701000000000000000e+03
1.646000000000000000e+03
1.742000000000000000e+03
1.742000000000000000e+03
1.742000000000000000e+03
1.742000000000000000e+03
1.754000000000000000e+03
1.765000000000000000e+03
1.765000000000000000e+03
1.778000000000000000e+03
1.730000000000000000e+03
1.704000000000000000e+03
1.730000000000000000e+03
1.730000000000000000e+03
1.704000000000000000e+03
1.704000000000000000e+03
1.782000000000000000e+03
1.782000000000000000e+03
1.782000000000000000e+03
1.663000000000000000e+03
1.663000000000000000e+03
1.663000000000000000e+03
1.708000000000000000e+03
1.734000000000000000e+03
1.734000000000000000e+03
1.734000000000000000e+03
1.734000000000000000e+03
1.734000000000000000e+03
1.734000000000000000e+03
1.701000000000000000e+03
1.701000000000000000e+03
1.701000000000000000e+03
1.701000000000000000e+03
1.734000000000000000e+03
1.734000000000000000e+03
1.660000000000000000e+03
1.660000000000000000e+03
1.683000000000000000e+03
1.683000000000000000e+03
1.683000000000000000e+03
1.683000000000000000e+03
1.683000000000000000e+03
1.683000000000000000e+03
1.673000000000000000e+03
1.673000000000000000e+03
1.736000000000000000e+03
1.736000000000000000e+03
1.736000000000000000e+03
1.736000000000000000e+03
1.736000000000000000e+03
1.736000000000000000e+03
1.736000000000000000e+03
1.736000000000000000e+03
1.712000000000000000e+03
1.712000000000000000e+03
1.712000000000000000e+03
1.712000000000000000e+03
1.712000000000000000e+03
1.712000000000000000e+03
1.712000000000000000e+03
1.712000000000000000e+03
1.712000000000000000e+03
1.696000000000000000e+03
1.669000000000000000e+03
1.669000000000000000e+03
1.750000000000000000e+03
1.736000000000000000e+03
1.750000000000000000e+03
1.736000000000000000e+03
1.736000000000000000e+03
1.736000000000000000e+03
1.736000000000000000e+03
1.736000000000000000e+03
1.780000000000000000e+03
1.780000000000000000e+03
1.678000000000000000e+03
1.678000000000000000e+03
1.678000000000000000e+03
1.756000000000000000e+03
1.756000000000000000e+03
1.756000000000000000e+03
1.756000000000000000e+03
1.704000000000000000e+03
1.704000000000000000e+03
1.704000000000000000e+03
1.704000000000000000e+03
1.704000000000000000e+03
1.704000000000000000e+03
1.704000000000000000e+03
1.678000000000000000e+03
1.678000000000000000e+03
1.678000000000000000e+03
1.717000000000000000e+03
1.743000000000000000e+03
1.717000000000000000e+03
1.717000000000000000e+03
1.717000000000000000e+03
1.717000000000000000e+03
1.743000000000000000e+03
1.743000000000000000e+03
1.743000000000000000e+03
1.759000000000000000e+03
1.759000000000000000e+03
1.759000000000000000e+03
1.733000000000000000e+03
1.733000000000000000e+03
1.759000000000000000e+03
1.759000000000000000e+03
1.733000000000000000e+03
1.759000000000000000e+03
1.759000000000000000e+03
1.733000000000000000e+03
1.733000000000000000e+03
1.733000000000000000e+03
1.733000000000000000e+03
1.733000000000000000e+03
1.743000000000000000e+03
1.743000000000000000e+03
1.743000000000000000e+03
1.743000000000000000e+03
1.743000000000000000e+03
1.743000000000000000e+03
1.743000000000000000e+03
1.756000000000000000e+03
1.756000000000000000e+03
1.743000000000000000e+03
1.743000000000000000e+03
1.743000000000000000e+03
1.743000000000000000e+03
1.717000000000000000e+03
1.717000000000000000e+03
1.717000000000000000e+03
1.717000000000000000e+03
1.717000000000000000e+03
1.717000000000000000e+03
1.730000000000000000e+03
1.717000000000000000e+03
1.710000000000000000e+03
1.710000000000000000e+03
1.710000000000000000e+03
1.710000000000000000e+03
1.710000000000000000e+03
1.710000000000000000e+03
1.710000000000000000e+03
1.694000000000000000e+03
1.694000000000000000e+03
1.694000000000000000e+03
1.694000000000000000e+03
1.736000000000000000e+03
1.710000000000000000e+03
1.710000000000000000e+03
1.710000000000000000e+03
1.710000000000000000e+03
1.710000000000000000e+03
1.760000000000000000e+03
1.710000000000000000e+03
1.760000000000000000e+03
1.760000000000000000e+03
1.709000000000000000e+03
1.709000000000000000e+03
1.709000000000000000e+03
1.709000000000000000e+03
1.709000000000000000e+03
1.709000000000000000e+03
1.709000000000000000e+03
1.709000000000000000e+03
1.709000000000000000e+03
1.709000000000000000e+03
1.709000000000000000e+03
1.709000000000000000e+03
1.709000000000000000e+03
1.709000000000000000e+03
1.709000000000000000e+03
1.709000000000000000e+03
1.709000000000000000e+03
1.709000000000000000e+03
1.709000000000000000e+03
1.709000000000000000e+03
1.750000000000000000e+03
1.750000000000000000e+03
1.750000000000000000e+03
1.750000000000000000e+03
1.750000000000000000e+03
1.750000000000000000e+03
1.750000000000000000e+03
1.750000000000000000e+03
1.726000000000000000e+03
1.726000000000000000e+03
1.726000000000000000e+03
1.743000000000000000e+03
1.743000000000000000e+03
1.743000000000000000e+03
1.743000000000000000e+03
1.760000000000000000e+03
1.736000000000000000e+03
1.736000000000000000e+03
1.736000000000000000e+03
1.736000000000000000e+03
1.668000000000000000e+03
1.668000000000000000e+03
1.668000000000000000e+03
1.668000000000000000e+03
1.668000000000000000e+03
1.720000000000000000e+03
1.736000000000000000e+03
1.736000000000000000e+03
1.736000000000000000e+03
1.736000000000000000e+03
1.721000000000000000e+03
1.721000000000000000e+03
1.734000000000000000e+03
1.734000000000000000e+03
1.734000000000000000e+03
1.734000000000000000e+03
1.734000000000000000e+03
1.754000000000000000e+03
1.754000000000000000e+03
1.754000000000000000e+03
1.747000000000000000e+03
1.747000000000000000e+03
1.747000000000000000e+03
1.684000000000000000e+03
1.747000000000000000e+03
1.747000000000000000e+03
1.747000000000000000e+03
1.684000000000000000e+03
1.684000000000000000e+03
1.672000000000000000e+03
1.740000000000000000e+03
1.740000000000000000e+03
1.740000000000000000e+03
1.740000000000000000e+03
1.740000000000000000e+03
1.740000000000000000e+03
1.740000000000000000e+03
1.740000000000000000e+03
1.740000000000000000e+03
1.748000000000000000e+03
1.740000000000000000e+03
1.740000000000000000e+03
1.740000000000000000e+03
1.740000000000000000e+03
1.740000000000000000e+03
1.727000000000000000e+03
1.740000000000000000e+03
1.740000000000000000e+03
1.684000000000000000e+03
1.727000000000000000e+03
1.727000000000000000e+03
1.684000000000000000e+03
1.684000000000000000e+03
1.685000000000000000e+03
1.685000000000000000e+03
1.685000000000000000e+03
1.685000000000000000e+03
1.685000000000000000e+03
1.685000000000000000e+03
1.672000000000000000e+03
1.685000000000000000e+03
1.672000000000000000e+03
1.672000000000000000e+03
1.735000000000000000e+03
1.735000000000000000e+03
1.735000000000000000e+03
1.735000000000000000e+03
1.735000000000000000e+03
1.735000000000000000e+03
1.735000000000000000e+03
1.735000000000000000e+03
1.735000000000000000e+03
1.735000000000000000e+03
1.735000000000000000e+03
1.735000000000000000e+03
1.735000000000000000e+03
1.735000000000000000e+03
1.735000000000000000e+03
1.735000000000000000e+03
1.735000000000000000e+03
1.735000000000000000e+03
1.735000000000000000e+03
1.735000000000000000e+03
1.735000000000000000e+03
1.735000000000000000e+03
1.735000000000000000e+03
1.672000000000000000e+03
1.672000000000000000e+03
1.672000000000000000e+03
1.672000000000000000e+03
1.672000000000000000e+03
1.685000000000000000e+03
1.685000000000000000e+03
1.685000000000000000e+03
1.685000000000000000e+03
1.754000000000000000e+03
1.754000000000000000e+03
1.754000000000000000e+03
1.754000000000000000e+03
1.711000000000000000e+03
1.711000000000000000e+03
1.711000000000000000e+03
1.711000000000000000e+03
1.711000000000000000e+03
1.711000000000000000e+03
1.711000000000000000e+03
1.711000000000000000e+03
1.711000000000000000e+03
1.711000000000000000e+03
1.711000000000000000e+03
1.724000000000000000e+03
1.724000000000000000e+03
1.724000000000000000e+03
1.724000000000000000e+03
1.724000000000000000e+03
1.724000000000000000e+03
1.724000000000000000e+03
1.724000000000000000e+03
1.716000000000000000e+03
1.724000000000000000e+03
1.716000000000000000e+03
1.772000000000000000e+03
1.772000000000000000e+03
1.772000000000000000e+03
1.772000000000000000e+03
1.772000000000000000e+03
1.772000000000000000e+03
1.772000000000000000e+03
1.772000000000000000e+03
1.758000000000000000e+03
1.758000000000000000e+03
1.772000000000000000e+03
1.772000000000000000e+03
1.772000000000000000e+03
1.772000000000000000e+03
1.772000000000000000e+03
1.772000000000000000e+03
1.772000000000000000e+03
1.772000000000000000e+03
1.772000000000000000e+03
1.772000000000000000e+03
1.772000000000000000e+03
1.772000000000000000e+03
1.772000000000000000e+03
1.772000000000000000e+03
1.772000000000000000e+03
1.772000000000000000e+03
1.772000000000000000e+03
1.772000000000000000e+03
1.772000000000000000e+03
1.772000000000000000e+03
1.772000000000000000e+03
1.772000000000000000e+03
1.758000000000000000e+03
1.758000000000000000e+03
1.758000000000000000e+03
1.758000000000000000e+03
1.758000000000000000e+03
1.724000000000000000e+03
1.724000000000000000e+03
1.724000000000000000e+03
1.724000000000000000e+03
1.724000000000000000e+03
1.724000000000000000e+03
1.724000000000000000e+03
1.724000000000000000e+03
1.724000000000000000e+03
1.734000000000000000e+03
1.734000000000000000e+03
1.724000000000000000e+03
1.758000000000000000e+03
1.758000000000000000e+03
1.758000000000000000e+03
1.758000000000000000e+03
1.758000000000000000e+03
1.758000000000000000e+03
1.758000000000000000e+03
1.758000000000000000e+03
1.758000000000000000e+03
1.772000000000000000e+03
1.772000000000000000e+03
1.734000000000000000e+03
1.734000000000000000e+03
1.772000000000000000e+03
1.772000000000000000e+03
1.772000000000000000e+03
1.772000000000000000e+03
1.772000000000000000e+03
1.772000000000000000e+03
1.772000000000000000e+03
1.772000000000000000e+03
1.772000000000000000e+03
1.772000000000000000e+03
1.772000000000000000e+03
1.772000000000000000e+03
1.772000000000000000e+03
1.772000000000000000e+03
1.772000000000000000e+03
1.772000000000000000e+03
1.758000000000000000e+03
1.758000000000000000e+03
1.758000000000000000e+03
1.758000000000000000e+03
1.758000000000000000e+03
1.758000000000000000e+03
1.758000000000000000e+03
1.758000000000000000e+03
1.772000000000000000e+03
1.772000000000000000e+03
1.772000000000000000e+03
1.772000000000000000e+03
1.772000000000000000e+03
1.772000000000000000e+03
1.772000000000000000e+03
1.772000000000000000e+03
1.772000000000000000e+03
1.772000000000000000e+03
1.772000000000000000e+03
1.758000000000000000e+03
1.758000000000000000e+03
1.772000000000000000e+03
1.772000000000000000e+03
1.772000000000000000e+03
1.762000000000000000e+03
1.772000000000000000e+03
1.772000000000000000e+03
1.772000000000000000e+03
1.758000000000000000e+03
1.758000000000000000e+03
1.755000000000000000e+03
1.755000000000000000e+03
1.755000000000000000e+03
1.755000000000000000e+03
1.755000000000000000e+03
1.755000000000000000e+03
1.755000000000000000e+03
1.755000000000000000e+03
1.755000000000000000e+03
1.755000000000000000e+03
1.755000000000000000e+03
1.755000000000000000e+03
1.721000000000000000e+03
1.724000000000000000e+03
1.724000000000000000e+03
1.712000000000000000e+03
1.712000000000000000e+03
1.722000000000000000e+03
1.722000000000000000e+03
1.722000000000000000e+03
7.840000000000000000e+02
7.840000000000000000e+02
1.712000000000000000e+03
1.712000000000000000e+03
1.712000000000000000e+03
1.712000000000000000e+03
1.712000000000000000e+03
1.712000000000000000e+03
1.712000000000000000e+03
1.746000000000000000e+03
1.712000000000000000e+03
1.712000000000000000e+03
1.746000000000000000e+03
1.746000000000000000e+03
1.746000000000000000e+03
1.746000000000000000e+03
1.746000000000000000e+03
1.746000000000000000e+03
1.746000000000000000e+03
1.712000000000000000e+03
1.712000000000000000e+03
1.712000000000000000e+03
1.712000000000000000e+03
1.712000000000000000e+03
1.712000000000000000e+03
1.746000000000000000e+03
1.712000000000000000e+03
1.712000000000000000e+03
1.712000000000000000e+03
1.712000000000000000e+03
1.712000000000000000e+03
1.712000000000000000e+03
1.712000000000000000e+03
1.712000000000000000e+03
1.712000000000000000e+03
1.712000000000000000e+03
1.712000000000000000e+03
1.712000000000000000e+03
1.712000000000000000e+03
1.712000000000000000e+03
1.712000000000000000e+03
1.712000000000000000e+03
1.712000000000000000e+03
1.712000000000000000e+03
1.712000000000000000e+03
1.712000000000000000e+03
1.712000000000000000e+03
1.712000000000000000e+03
1.712000000000000000e+03
1.712000000000000000e+03
1.712000000000000000e+03
1.712000000000000000e+03
1.712000000000000000e+03
1.712000000000000000e+03
1.712000000000000000e+03
1.712000000000000000e+03
7.840000000000000000e+02
7.840000000000000000e+02
7.840000000000000000e+02
7.840000000000000000e+02
7.840000000000000000e+02
7.840000000000000000e+02
7.840000000000000000e+02
7.840000000000000000e+02
7.840000000000000000e+02
7.840000000000000000e+02
1.722000000000000000e+03
1.712000000000000000e+03
1.722000000000000000e+03
1.722000000000000000e+03
1.722000000000000000e+03
1.722000000000000000e+03
1.722000000000000000e+03
1.722000000000000000e+03
1.722000000000000000e+03
1.722000000000000000e+03
1.722000000000000000e+03
1.722000000000000000e+03
7.840000000000000000e+02
7.840000000000000000e+02
7.840000000000000000e+02
7.840000000000000000e+02
7.840000000000000000e+02
7.840000000000000000e+02
7.840000000000000000e+02
7.840000000000000000e+02
7.840000000000000000e+02
7.840000000000000000e+02
7.740000000000000000e+02
7.740000000000000000e+02
7.740000000000000000e+02
7.740000000000000000e+02
7.740000000000000000e+02
7.740000000000000000e+02
7.740000000000000000e+02
7.840000000000000000e+02
7.840000000000000000e+02
7.740000000000000000e+02
7.740000000000000000e+02
1.776000000000000000e+03
1.776000000000000000e+03
1.786000000000000000e+03
1.776000000000000000e+03
1.776000000000000000e+03
1.776000000000000000e+03
1.776000000000000000e+03
1.776000000000000000e+03
1.776000000000000000e+03
1.776000000000000000e+03
1.776000000000000000e+03
1.776000000000000000e+03
1.776000000000000000e+03
1.776000000000000000e+03
1.776000000000000000e+03
1.776000000000000000e+03
1.776000000000000000e+03
1.748000000000000000e+03
1.748000000000000000e+03
1.748000000000000000e+03
1.748000000000000000e+03
1.748000000000000000e+03
1.748000000000000000e+03
1.748000000000000000e+03
1.748000000000000000e+03
1.748000000000000000e+03
1.748000000000000000e+03
1.748000000000000000e+03
1.748000000000000000e+03
1.786000000000000000e+03
1.712000000000000000e+03
1.712000000000000000e+03
7.840000000000000000e+02
7.840000000000000000e+02
7.740000000000000000e+02
7.740000000000000000e+02
7.740000000000000000e+02
7.740000000000000000e+02
7.740000000000000000e+02
7.740000000000000000e+02
1.776000000000000000e+03
1.748000000000000000e+03
1.748000000000000000e+03
1.748000000000000000e+03
1.712000000000000000e+03
1.712000000000000000e+03
1.712000000000000000e+03
1.712000000000000000e+03
1.712000000000000000e+03
1.712000000000000000e+03
1.712000000000000000e+03
1.712000000000000000e+03
1.712000000000000000e+03
7.740000000000000000e+02
7.740000000000000000e+02
7.740000000000000000e+02
1.776000000000000000e+03
1.776000000000000000e+03
1.776000000000000000e+03
1.712000000000000000e+03
1.712000000000000000e+03
1.712000000000000000e+03
1.712000000000000000e+03
1.712000000000000000e+03
1.712000000000000000e+03
1.712000000000000000e+03
1.712000000000000000e+03
1.712000000000000000e+03
1.712000000000000000e+03
1.712000000000000000e+03
1.712000000000000000e+03
1.712000000000000000e+03
1.712000000000000000e+03
1.712000000000000000e+03
1.712000000000000000e+03
1.712000000000000000e+03
1.712000000000000000e+03
1.712000000000000000e+03
1.712000000000000000e+03
1.712000000000000000e+03
1.712000000000000000e+03
1.712000000000000000e+03
1.712000000000000000e+03
1.712000000000000000e+03
1.712000000000000000e+03
1.712000000000000000e+03
1.712000000000000000e+03
1.712000000000000000e+03
1.756000000000000000e+03
1.758000000000000000e+03
1.758000000000000000e+03
1.758000000000000000e+03
1.758000000000000000e+03
1.758000000000000000e+03
1.758000000000000000e+03
1.758000000000000000e+03
1.758000000000000000e+03
1.758000000000000000e+03
1.758000000000000000e+03
1.758000000000000000e+03
1.758000000000000000e+03
1.748000000000000000e+03
1.748000000000000000e+03
1.720000000000000000e+03
1.720000000000000000e+03
1.720000000000000000e+03
1.718000000000000000e+03
1.718000000000000000e+03
1.718000000000000000e+03
1.758000000000000000e+03
1.758000000000000000e+03
1.758000000000000000e+03
1.758000000000000000e+03
1.758000000000000000e+03
1.758000000000000000e+03
1.758000000000000000e+03
1.720000000000000000e+03
1.718000000000000000e+03
1.718000000000000000e+03
1.718000000000000000e+03
1.718000000000000000e+03
1.718000000000000000e+03
1.718000000000000000e+03
1.718000000000000000e+03
1.720000000000000000e+03
1.720000000000000000e+03
1.720000000000000000e+03
1.720000000000000000e+03
1.720000000000000000e+03
1.720000000000000000e+03
1.720000000000000000e+03
1.720000000000000000e+03
1.720000000000000000e+03
1.720000000000000000e+03
1.718000000000000000e+03
1.718000000000000000e+03
1.718000000000000000e+03
1.718000000000000000e+03
1.718000000000000000e+03
1.718000000000000000e+03
1.718000000000000000e+03
1.718000000000000000e+03
1.718000000000000000e+03
1.718000000000000000e+03
1.718000000000000000e+03
1.718000000000000000e+03
1.718000000000000000e+03
1.756000000000000000e+03
1.756000000000000000e+03
1.756000000000000000e+03
1.756000000000000000e+03
1.756000000000000000e+03
1.756000000000000000e+03
1.756000000000000000e+03
1.756000000000000000e+03
1.756000000000000000e+03
1.718000000000000000e+03
1.718000000000000000e+03
1.718000000000000000e+03
1.718000000000000000e+03
1.718000000000000000e+03
1.718000000000000000e+03
1.718000000000000000e+03
1.718000000000000000e+03
1.718000000000000000e+03
1.718000000000000000e+03
1.718000000000000000e+03
1.718000000000000000e+03
1.718000000000000000e+03
1.718000000000000000e+03
1.718000000000000000e+03
1.718000000000000000e+03
1.718000000000000000e+03
1.718000000000000000e+03
1.718000000000000000e+03
1.718000000000000000e+03
1.718000000000000000e+03
1.712000000000000000e+03
1.712000000000000000e+03
1.712000000000000000e+03
1.712000000000000000e+03
1.712000000000000000e+03
1.712000000000000000e+03
1.712000000000000000e+03
1.712000000000000000e+03
1.712000000000000000e+03
1.712000000000000000e+03
1.712000000000000000e+03
1.712000000000000000e+03
1.712000000000000000e+03
1.712000000000000000e+03
1.712000000000000000e+03
1.712000000000000000e+03
1.712000000000000000e+03
1.712000000000000000e+03
1.712000000000000000e+03
1.712000000000000000e+03
1.712000000000000000e+03
1.712000000000000000e+03
1.712000000000000000e+03
1.712000000000000000e+03
1.712000000000000000e+03
1.712000000000000000e+03
1.712000000000000000e+03
1.712000000000000000e+03
1.712000000000000000e+03
1.712000000000000000e+03
1.712000000000000000e+03
1.712000000000000000e+03
1.712000000000000000e+03
1.712000000000000000e+03
1.712000000000000000e+03
1.712000000000000000e+03
1.722000000000000000e+03
1.712000000000000000e+03
1.746000000000000000e+03
